getgenv().AutoFarm  = true;

local player = game.Players.LocalPlayer.Character.HumanoidRootPart
local location1 = CFrame.new (-58.8260193, 111.423462, 1633.97998, 0.995094001, 3.40900286e-08, -0.0989340395, -3.80401097e-08, 1, -3.804006e-08, 0.0989340395, 4.16168966e-08, 0.995094001)
local location2 = CFrame.new (-50.0299187, 111.423462, 1633.69446, 0.0394712314, -3.95121127e-08, -0.999220729, 3.80401204e-08, 1, -3.80402696e-08, 0.999220729, -3.6508979e-08, 0.0394712314)
local location3 = CFrame.new (-39.0339584, 111.423462, 1633.39722, 0.0288413912, -3.91213923e-08, -0.999584019, 3.80401168e-08, 1, -3.80400849e-08, 0.999584019, -3.69271653e-08, 0.0288413912)
local location4 = CFrame.new (-24.1979733, 117.506409, 1630.91638, 0.179278508, -2.20995675e-23, -0.983798385, 1.99537964e-23, 1, -1.88273141e-23, 0.983798385, -1.62551795e-23, 0.179278508)
local location5 = CFrame.new (-20.57337, 142.824707, 1630.98022, -0.363732606, 2.95549616e-14, 0.931503415, -1.8095959e-13, 1, -1.02389173e-13, -0.931503415, -2.05806753e-13, -0.363732606)
local location6 = CFrame.new (-7.11074734, 142.824707, 1630.62476, -0.0662777424, -7.79105686e-12, -0.997801185, 1.39475714e-12, 1, -7.90087093e-12, 0.997801185, -1.91534223e-12, -0.0662777424)
local location7 = CFrame.new (5.07017374, 126.544037, 1620.17029, 0.576840401, -1.31043559e-13, -0.816856861, -4.63077783e-15, 1, -1.63694253e-13, 0.816856861, 9.82081441e-14, 0.576840401)
local location8 = CFrame.new (19.6855526, 130.000259, 1612.05432, 0.379338056, -1.41702422e-11, -0.92525816, -9.96880204e-13, 1, -1.57236082e-11, 0.92525816, 6.8869346e-12, 0.379338056)
local location9 = CFrame.new (27.4327965, 131.691208, 1599.64075, 0.92942971, -5.62600259e-13, -0.368999153, 3.83066754e-14, 1, -1.42817908e-12, 0.368999153, 1.31325701e-12, 0.92942971)
local location10 = CFrame.new (32.2344131, 131.691269, 1585.90369, 0.00130914303, 4.03223678e-12, 0.999999166, -7.26928847e-12, 1, -4.02272399e-12, -0.999999166, -7.26401578e-12, 0.00130914303)
local location11 = CFrame.new (36.180275, 131.691269, 1573.25403, 0.923167706, 4.16674128e-13, -0.384397447, -2.29961796e-12, 1, -4.43878831e-12, 0.384397447, 4.98171339e-12, 0.923167706)
local location12 = CFrame.new (43.074337, 146.924713, 1574.27625, 0.812168062, 3.86596961e-12, 0.583423555, 3.70471622e-12, 1, -1.17835863e-11, -0.583423555, 1.17316712e-11, 0.812168062)
local location13 = CFrame.new (50.6580238, 146.924713, 1566.46899, 0.744038939, -5.36605841e-14, -0.668136239, -2.26305368e-12, 1, -2.60045848e-12, 0.668136239, 3.44687061e-12, 0.744038939)
local location14 = CFrame.new (54.9716606, 146.924713, 1562.29822, 0.701073587, -2.51140634e-13, -0.71308893, -1.18671679e-14, 1, -3.63854183e-13, 0.71308893, 2.635509e-13, 0.701073587)
local location15 = CFrame.new (61.7832527, 146.924713, 1555.67651, 0.697196364, -3.78266915e-16, -0.716880202, -1.78397153e-18, 1, -5.29392045e-16, 0.716880202, 3.703691e-16, 0.697196364)
local location16 = CFrame.new (54.3064156, 146.924713, 1545.26807, 0.816512287, -1.61199283e-11, 0.577328026, 7.0185642e-11, 1, -7.13416062e-11, -0.577328026, 9.87714355e-11, 0.816512287)
local location17 = CFrame.new (48.9783134, 137.991394, 1538.78357, 0.771226466, 2.78111572e-13, 0.636560857, 1.57183921e-14, 1, -4.55940678e-13, -0.636560857, 3.6163924e-13, 0.771226466)
local location18 = CFrame.new (43.9870529, 137.991394, 1534.02197, 0.694596529, 2.03474737e-12, 0.719399512, 1.60847017e-13, 1, -2.98369814e-12, -0.719399512, 2.18817976e-12, 0.694596529)
local location19 = CFrame.new (36.73592, 137.991287, 1529.80176, 0.534261584, 1.00897726e-14, 0.845319211, 1.35008804e-15, 1, -1.27893369e-14, -0.845319211, 7.97410708e-15, 0.534261584)
local location20 = CFrame.new (26.2843132, 137.991211, 1520.15015, -0.195652321, 6.09401279e-11, -0.980673313, 6.02983635e-11, 1, 5.01110958e-11, 0.980673313, -4.93286453e-11, -0.195652321)
local location21 = CFrame.new (24.5535145, 137.991211, 1510.50757, 0.992486835, -1.1971974e-12, 0.122351587, 1.81205452e-12, 1, -4.91405831e-12, -0.122351587, 5.09884582e-12, 0.992486835)
local location22 = CFrame.new (24.8961773, 137.991211, 1501.21167, 0.999580324, 1.57391773e-13, -0.0289677586, -2.38939212e-13, 1, -2.81164848e-12, 0.0289677586, 2.8173902e-12, 0.999580324)
local location23 = CFrame.new (33.0656548, 137.991211, 1490.58716, 0.793445826, -6.44649308e-12, -0.60864085, -7.34143996e-12, 1, -2.0162181e-11, 0.60864085, 2.04658998e-11, 0.793445826)
local location24 = CFrame.new (37.6761246, 147.302322, 1483.52563, -0.0375039242, 3.94398931e-08, -0.999296486, 3.80401275e-08, 1, 3.80400031e-08, 0.999296486, -3.65867159e-08, -0.0375039242)
local location25 = CFrame.new (37.1833801, 149.392151, 1474.45337, 0.963677883, 4.68177106e-08, -0.267067313, -3.80401382e-08, 1, 3.80401168e-08, 0.267067313, -2.64991424e-08, 0.963677883)
local location26 = CFrame.new (32.855957, 152.524719, 1468.67151, 0.989241719, 4.30800107e-08, 0.146290377, -3.79243872e-08, 1, -3.80313736e-08, -0.146290377, 3.20742473e-08, 0.989241719)
local location27 = CFrame.new (22.4640923, 152.524719, 1464.50854, 0.539401174, 5.25503552e-08, 0.842048883, -3.80400316e-08, 1, -3.80399747e-08, -0.842048883, -1.15127596e-08, 0.539401174)
local location28 = CFrame.new (34.2882576, 152.524719, 1473.90515, -0.668830276, 0, -0.743415117, 0, 1, 0, 0.743415117, 0, -0.668830276)
local location29 = CFrame.new (40.1560593, 147.593552, 1483.47119, -0.888282478, -8.33712101e-14, -0.459297538, -2.06128991e-14, 1, -1.41653562e-13, 0.459297538, -1.16360928e-13, -0.888282478)
local location30 = CFrame.new (32.7776909, 137.99118, 1492.96936, -0.782861352, 2.08548795e-14, 0.622196198, -3.64797846e-13, 1, -4.925151e-13, -0.622196198, -6.12546851e-13, -0.782861352)
local location31 = CFrame.new (28.6885757, 137.99118, 1501.78479, -0.197593898, -2.97736733e-08, -0.980283976, 3.8040092e-08, 1, -3.80401666e-08, 0.980283976, -4.48065975e-08, -0.197593898)
local location32 = CFrame.new (25.2275963, 137.99118, 1513.57825, -0.973096728, -4.57810572e-08, 0.230397046, -3.80401204e-08, 1, 3.80401559e-08, -0.230397046, 2.82524208e-08, -0.973096728)
local location33 = CFrame.new (26.0949669, 137.991196, 1521.39844, -0.989906907, 3.22651346e-08, -0.141719013, 3.80400742e-08, 1, -3.80400671e-08, 0.141719013, -4.30471303e-08, -0.989906907)
local location34 = CFrame.new (30.3674088, 137.991226, 1525.1676, -0.732102394, -1.93654204e-09, -0.681194603, -3.80400849e-08, 1, 3.80400778e-08, 0.681194603, 5.37619336e-08, -0.732102394)
local location35 = CFrame.new (33.2304459, 137.991272, 1530.12878, -0.940878153, 4.8677034e-08, -0.338745177, 3.80401275e-08, 1, 3.80401204e-08, 0.338745177, 2.29052066e-08, -0.940878153)
local location36 = CFrame.new (38.6703796, 137.991287, 1539.57568, -0.868243575, 5.19012531e-08, -0.496138155, 3.80401133e-08, 1, 3.80401524e-08, 0.496138155, 1.4154967e-08, -0.868243575)
local location37 = CFrame.new (44.7787781, 137.991333, 1544.74048, -0.66548264, 5.37087352e-08, -0.74641335, 3.80401239e-08, 1, 3.80401737e-08, 0.74641335, -3.07858161e-09, -0.66548264)
local location38 = CFrame.new (49.8043861, 146.924713, 1550.03455, -0.7215029, 6.84802432e-12, -0.692411423, 5.32903799e-12, 1, 4.33717255e-12, 0.692411423, -5.60604081e-13, -0.7215029)
local location39 = CFrame.new (54.2128983, 146.924713, 1551.77332, 0.751025677, 2.08299961e-10, 0.660273015, -4.26944487e-11, 1, -2.66912825e-10, -0.660273015, 1.72268394e-10, 0.751025677)
local location40 = CFrame.new (59.6273155, 146.924713, 1554.35376, -0.12573263, -9.54945358e-18, -0.992064178, 1.3621956e-19, 1, -9.64310697e-18, 0.992064178, -1.34759178e-18, -0.12573263)
local location41 = CFrame.new (55.4688148, 146.924713, 1560.83472, -0.899575055, 6.3432341e-12, 0.436766177, -1.94113614e-11, 1, -5.45033289e-11, -0.436766177, -5.75080608e-11, -0.899575055)
local location42 = CFrame.new (51.8039742, 146.924713, 1566.44519, -0.84320128, 2.04725169e-12, 0.537598014, -2.55967177e-13, 1, -4.20962007e-12, -0.537598014, -3.68716472e-12, -0.84320128)
local location43 = CFrame.new (47.8109436, 146.924713, 1572.55811, -0.837565184, 4.77738271e-15, 0.546337366, -5.17595464e-17, 1, -8.82373279e-15, -0.546337366, -7.4187296e-15, -0.837565184)
local location44 = CFrame.new (43.8567467, 146.924713, 1576.52393, -0.72794193, 8.97405848e-12, 0.685638785, -1.34577939e-12, 1, -1.4517422e-11, -0.685638785, -1.14905585e-11, -0.72794193)
local location45 = CFrame.new (40.8300781, 131.691315, 1579.64441, -0.720467091, 3.26305509e-15, 0.693489134, -2.68065513e-17, 1, -4.73312143e-15, -0.693489134, -3.42864834e-15, -0.720467091)
local location46 = CFrame.new (34.5915451, 131.691315, 1583.03186, -0.503740728, 7.17997189e-12, 0.863854885, -1.355295e-12, 1, -9.10186336e-12, -0.863854885, -5.75575742e-12, -0.503740728)
local location47 = CFrame.new (30.3667221, 131.691254, 1586.85864, -0.651604772, 1.44045713e-11, 0.758558631, 1.63606151e-12, 1, -1.75840141e-11, -0.758558631, -1.02167797e-11, -0.651604772)
local location48 = CFrame.new (28.9707851, 131.691254, 1591.9552, -0.9351421, 7.11674168e-14, 0.354272813, 1.50232118e-14, 1, -1.61227666e-13, -0.354272813, -1.45448473e-13, -0.9351421)
local location49 = CFrame.new (22.6708736, 131.691254, 1596.20459, -0.591429949, 2.86434656e-12, 0.80635637, -1.54857269e-12, 1, -4.68802514e-12, -0.80635637, -4.02133968e-12, -0.591429949)
local location50 = CFrame.new (21.9603386, 131.691177, 1601.25098, 0.863491476, -6.75835721e-10, -0.504363477, 1.50475674e-10, 1, -1.08235687e-09, 0.504363477, 8.58711491e-10, 0.863491476)
local location51 = CFrame.new (20.6120853, 131.691177, 1608.42468, -0.999939919, -8.89951914e-12, -0.0109609589, -8.35802001e-12, 1, -4.94483239e-11, 0.0109609589, -4.93537433e-11, -0.999939919)
local location52 = CFrame.new (13.7955923, 126.062538, 1613.0177, -0.554282606, 1.67820688e-11, 0.832328558, -1.84437535e-11, 1, -3.24452652e-11, -0.832328558, -3.3335109e-11, -0.554282606)
local location53 = CFrame.new (4.45679283, 126.257721, 1615.9386, -0.188319176, 3.01958032e-08, 0.982107878, -3.80400635e-08, 1, -3.80400955e-08, -0.982107878, -4.45231265e-08, -0.188319176)
local location54 = CFrame.new (-2.76813436, 129.379547, 1619.28137, -0.954353929, 7.9577879e-11, 0.298678041, 4.32016541e-11, 1, -1.28393129e-10, -0.298678041, -1.09629104e-10, -0.954353929)
local location55 = CFrame.new (-4.60373354, 142.824707, 1626.6427, -0.990660667, 6.81585451e-20, 0.136350498, -2.25389243e-18, 1, -1.68756343e-17, -0.136350498, -1.70253457e-17, -0.990660667)
local location56 = CFrame.new (-10.8037281, 142.824707, 1627.56335, -0.557711661, -4.47718671e-28, -0.830034792, 1.7999657e-28, 1, -6.60339652e-28, 0.830034792, -5.17682506e-28, -0.557711661)
local location57 = CFrame.new (-19.3176727, 142.824707, 1631.04175, -0.45347327, 9.51414555e-12, 0.891269863, -3.99684192e-12, 1, -1.27083908e-11, -0.891269863, -9.32518038e-12, -0.45347327)
local location58 = CFrame.new (-21.2666302, 118.020538, 1633.32288, -0.831864893, -1.05328386e-08, -0.554978192, -3.80401204e-08, 1, 3.80400564e-08, 0.554978192, 5.27556239e-08, -0.831864893)
local location59 = CFrame.new (-30.4334793, 111.423416, 1634.42627, -0.194586471, 4.47149269e-08, 0.980885386, 3.80401595e-08, 1, -3.80399463e-08, -0.980885386, 2.99109786e-08, -0.194586471)
local location60 = CFrame.new (-37.9239883, 111.423431, 1634.05103, 0.0338934325, 3.67290554e-08, 0.999425471, 3.80401417e-08, 1, -3.80402234e-08, -0.999425471, 3.93076007e-08, 0.0338934325)
local location61 = CFrame.new (-44.720005, 111.423454, 1633.8186, 0.0340821184, 3.67215733e-08, 0.999419034, 3.80401453e-08, 1, -3.8040163e-08, -0.999419034, 3.93145356e-08, 0.0340821184)
local location62 = CFrame.new (-51.5493164, 111.423454, 1632.83228, 0.134652108, 3.25715526e-08, 0.990892947, 3.80400991e-08, 1, -3.80401666e-08, -0.990892947, 4.28158557e-08, 0.134652108)
local location63 = CFrame.new (-58.8260193, 111.423462, 1633.97998, 0.995094001, 3.40900286e-08, -0.0989340395, -3.80401097e-08, 1, -3.804006e-08, 0.0989340395, 4.16168966e-08, 0.995094001)
local location64 = CFrame.new (-58.8260193, 111.423462, 1633.97998, 0.995094001, 3.40900286e-08, -0.0989340395, -3.80401097e-08, 1, -3.804006e-08, 0.0989340395, 4.16168966e-08, 0.995094001)
    
while AutoFarm == true do 
    wait(0.5) 
    player.CFrame = location1
    wait(1)
    player.CFrame = location2
    wait(1)
    player.CFrame = location3
    wait(1)
    player.CFrame = location4
    wait(1)
    player.CFrame = location5
    wait(1)
    player.CFrame = location6
    wait(1)
    player.CFrame = location7
    wait(1)
    player.CFrame = location8
    wait(1)
    player.CFrame = location9
    wait(1)
    player.CFrame = location10
    wait(1)
    player.CFrame = location11
    wait(1)
    player.CFrame = location12
    wait(1)
    player.CFrame = location13
    wait(1)
    player.CFrame = location14
    wait(1)
    player.CFrame = location1
    wait(1)
    player.CFrame = location15
    wait(0.5)
    player.CFrame = location16
    wait(0.5)
    player.CFrame = location17
    wait(0.5)
    player.CFrame = location18
    wait(0.5)
    player.CFrame = location19
    wait(0.5)
    player.CFrame = location20
    wait(0.5)
    player.CFrame = location21
    wait(0.5)
    player.CFrame = location22
    wait(0.5)
    player.CFrame = location23
    wait(0.5)
    player.CFrame = location24
    wait(0.5)
    player.CFrame = location25
    wait(0.5)
    player.CFrame = location26
    wait(0.5)
    player.CFrame = location27
    wait(0.5)
    player.CFrame = location28
    wait(0.5)
    player.CFrame = location29
    wait(0.5)
    player.CFrame = location30
    wait(0.5)
    player.CFrame = location31
    wait(0.5)
    player.CFrame = location32
    wait(0.5)
    player.CFrame = location33
    wait(0.5)
    player.CFrame = location34
    wait(0.5)
    player.CFrame = location35
    wait(0.5)
    player.CFrame = location36
    wait(0.5)
    player.CFrame = location37
    wait(0.5)
    player.CFrame = location38
    wait(0.5)
    player.CFrame = location39
    wait(0.5)
    player.CFrame = location40
    wait(0.5)
    player.CFrame = location41
    wait(0.5)
    player.CFrame = location42
    wait(0.5)
    player.CFrame = location43
    wait(0.5)
    player.CFrame = location44
    wait(0.5)
    player.CFrame = location45
    wait(0.5)
    player.CFrame = location46
    wait(0.5)
    player.CFrame = location47
    wait(0.5)
    player.CFrame = location48
    wait(0.5)
    player.CFrame = location49
    wait(0.5)
    player.CFrame = location50
    wait(0.5)
    player.CFrame = location51
    wait(0.5)
    player.CFrame = location52
    wait(0.5)
    player.CFrame = location53
    wait(0.5)
    player.CFrame = location54
    wait(0.5)
    player.CFrame = location55
    wait(0.5)
    player.CFrame = location56
    wait(0.5)
    player.CFrame = location57
    wait(0.5)
    player.CFrame = location58
    wait(0.5)
    player.CFrame = location59
    wait(0.5)
    player.CFrame = location60
    wait(0.5)
    player.CFrame = location61
    wait(0.5)
    player.CFrame = location62
    wait(0.5)
    player.CFrame = location63
    wait(0.5)
    player.CFrame = location64
    wait(0.5)
end
